ah: 2.91
vm:30
jumlahparamnilaikalorunit: 5
nilaikalorunit: 4000, 4100, 4200, 4400, 4500
lyr_aa_c1:47.8, 48, 28.9, 19.5, 48.4
lyr_aa_c2:99.4, 99.4, 99.4, 30, 99.5
lyr_aa_c3:50.1, 50.3, 30.8, 17.2, 50.2
lyr_aa_c4:48.2, 49.1, 28.6, 18.3, 48.9
lyr_ab_c1:15.2,19.9,19.6,14.6,14.6
lyr_ab_c2:15.8,20.8,20.8,30,15.8
lyr_ab_c3:15.2,20.1,20.2,76.1,14.9
lyr_ab_c4:17.5,20.5,20.5,16.1,15.2
lyr_cd_c1:14.6,14.2,39.5,20.1,34.9
lyr_cd_c2:99.1,99.1,99.1,30,99.2
lyr_cd_c3:13.7,13.4,39.1,18.8,34
lyr_cd_c4:13.7,13.9,39.2,18.6,34.3
lyr_ef_c1:98.5,98.5,98.5,30,98.6
lyr_ef_c2:98.2,98.2,98.3,30,98.4
lyr_ef_c3:98.4,98.3,98.3,30,98.2
lyr_ef_c4:15.9,17.3,20.7,30,19.2
lyr_ff_c1:19.7,19.7,35.4,59.5,19.4
lyr_ff_c2:19.5,19.4,34.7,0,20.1
lyr_ff_c3:17.7,11.8,27.2,59.6,15.3
lyr_ff_c4:21.6,22.1,36,60.8,21.9